# nolint start
.Random.seed <-
c(403L, 564L, 821858112L, -1273393154L, -1761439136L, 938776482L,
-241811798L, -925826492L, -741338266L, -541759544L, 3602113L,
-847647248L, -700858446L, -781703339L, -1056814978L, 1722301883L,
-1516796053L, 618333078L, -1139442886L, 1850965790L, -1009206009L,
-965100729L, -810455200L, -1105192083L, -1776182012L, 1129147421L,
-1068401040L, 1656163632L, 1646492448L, 822450599L, -999273302L,
1587762442L, -648605502L, 4259159L, 1544010748L, -1833758422L,
633786866L, -2094830238L, -1006771656L, -1395593099L, -1449941724L,
-309752278L, -982067052L, -176086608L, -2060192374L, 402937463L,
-261232542L, -632377576L, -1041416631L, 1939739897L, -873322442L,
-1584285063L, 1146044893L, -2067546843L, -1467905307L, 243291552L,
294318227L, 1628149366L, 2098261980L, -173477062L, -506004498L,
-691205352L, 645009171L, -324335367L, 1413969607L, -1156761379L,
-201498378L, 1958604231L, -1954155194L, -1256400846L, -1408706038L,
36158413L, 886053487L, -742905844L, 595209732L, 273269217L, 1713465213L,
124288860L, -1622523521L, 1143742812L, -2126180501L, -976322891L,
-1961507495L, 637289202L, -1855538723L, -1716920020L, -2141141720L,
-105514125L, 1071541801L, -1431963875L, -651947102L, -45265185L,
-1424631620L, -470647597L, 436857937L, -1520129592L, 1967134380L,
-697129304L, -380553514L, -1002244346L, -326362078L, -1437856213L,
420040358L, 1964737387L, -1150469410L, -716491977L, -1508199551L,
1412312969L, 1998956656L, -227007162L, -125154181L, 168981583L,
-148752251L, 177785353L, 1119418615L, 1370257048L, 1790705757L,
914781994L, -1961953278L, 1435777980L, 1983660133L, 1256202557L,
315987274L, -1730566318L, 603646997L, 539440976L, -1195418301L,
-1175208333L, -1540258029L, 631835349L, 855866347L, 425801261L,
-1494519428L, 1307597881L, -1787217222L, 635994845L, 1556218601L,
1371219769L, -313884262L, 1913079996L, -1862407432L, -469481011L,
1994477343L, 1583037457L, 516111860L, -671534787L, -863267994L,
-179172582L, -1796065964L, 453397102L, -1597714127L, -1594940593L,
-1255548532L, -1235500290L, 273055971L, -524997054L, 1402412966L,
-1046200494L, -210261835L, 239722981L, -216008193L, 942684015L,
-1810187789L, 1913884739L, 25918496L, 2088221098L, 148908114L,
-1095288716L, -1378522068L, 904869940L, -59150607L, 733326201L,
391027502L, 939181120L, -1945868928L, 1053875378L, 429150983L,
1814473324L, 1000034663L, 550027720L, -433174175L, 1464924286L,
1749941136L, -588094120L, 413248290L, -1270005865L, -244268688L,
-379643189L, -1691402563L, -144738321L, 884621373L, 1446767851L,
-330330571L, 822464775L, 1915401180L, -1604096497L, 1513523518L,
399076307L, 38612299L, 348867845L, 778219062L, 1884144031L, -859698939L,
-1066657586L, 1809264252L, -709598464L, 388020091L, 643739983L,
-1855069444L, 612211042L, -2104149293L, -753711172L, 1099659298L,
-1754027056L, 41032559L, -1765651341L, 1832430053L, -529431314L,
-1363356529L, 1914756704L, -1616977580L, 1705784780L, 2053112136L,
-123695285L, 818418436L, 1138192754L, -256859315L, 45702783L,
-2131572479L, 1604207140L, -338565910L, -1999538049L, 903089649L,
-1060317439L, 1045992479L, -1919624781L, -482038518L, -1584786475L,
-1100118482L, -1720556874L, 1632259903L, -441256253L, -308517806L,
388271833L, 1524764075L, 662777863L, -254889607L, 1552354025L,
1611112379L, 2111223987L, 736587556L, 1980158393L, -458709978L,
934816505L, -1819843741L, -730248745L, 1667278279L, -547731574L,
929452512L, -1108683522L, 1984158686L, 1143002100L, 1301735268L,
480292746L, -1181840091L, -78620804L, -1302869616L, -1728767723L,
308855964L, -668362033L, -2022393118L, -760372721L, -1985135058L,
1364785787L, 1376658851L, 1033356945L, 954958365L, 1640433902L,
-5683559L, 622645493L, 2071352072L, 687581017L, -2036381174L,
-1943216550L, 1686594407L, -58233084L, 885394074L, -1002903644L,
-83802271L, 912113751L, -1598902051L, 1196114166L, -2098088168L,
-1527250500L, -1983922055L, -1169494850L, -1631782244L, 1124638930L,
-286096859L, -1520605641L, -308496147L, 1821718368L, -2137537360L,
-250662637L, -1940729315L, -911313773L, -1259069464L, 140094191L,
1698919841L, -2089830295L, -80436944L, 1020615082L, 1111227651L,
546922271L, -1003233039L, -690933167L, 1982246112L, -1278646195L,
-2039039425L, -12875861L, -351603609L, 1842272962L, 1619189794L,
1178471496L, -361921573L, 2033521750L, -1284100662L, 1994348960L,
1520673602L, 1848399880L, -923967990L, 969173017L, 119719502L,
1597978747L, -2019047339L, 576556001L, -740040817L, 1383075615L,
-564630912L, 305189416L, 851499104L, 1517407587L, -1732446169L,
-1889292739L, 2071786391L, 622627808L, 480773592L, -1977385809L,
1989662207L, 1133535825L, 964293456L, -1819657787L, 705122437L,
465683529L, 1074238032L, -1580443930L, 1239259715L, 1293767829L,
1540662902L, -781331274L, 699045157L, 1268241642L, -497184382L,
1148353351L, 343888517L, 1315229793L, -392082062L, -1284321935L,
1958407038L, 1731431199L, -1289885417L, 662422790L, -1536297498L,
-245488357L, -2100354589L, 9488741L, -661638856L, -664787457L,
1447762615L, -1654682402L, -529809296L, -1294780851L, -791071470L,
1987421068L, -1649875371L, 525593477L, -727595324L, 441674681L,
30759807L, 865968038L, 1699643495L, 270656978L, -698092941L,
-1290655542L, -1359664694L, 1891960740L, 1944751130L, -1567002149L,
-1130676973L, 1856849138L, -1625141735L, 368327226L, 2055623221L,
60712586L, -1745450399L, -1591542378L, -1853412265L, 1651067182L,
433648606L, -1686128863L, -188109007L, 1701209847L, 880450951L,
-323534138L, 1004391185L, -1782420326L, 1965575816L, -201986018L,
268557680L, 1960853628L, 530267092L, 615085597L, -1625758656L,
-1466808308L, 966956931L, 486057782L, -1561511975L, 265734649L,
1730349845L, 56100845L, 1247560374L, -1853080369L, 969339352L,
140935432L, 1989907805L, -2087187892L, 58285458L, 1943709024L,
1752562894L, 1632659710L, 1555163508L, 1674474410L, -40091838L,
50389836L, -239905602L, 1562481363L, 326792500L, 1071704440L,
270619636L, -1324459477L, -611711911L, 1035878363L, -72644046L,
-1062783601L, 1703678561L, -1731901231L, 929134054L, -391599156L,
2143592496L, -910816047L, -1354006479L, 1489603074L, -156274011L,
453404650L, 1108980335L, -2093309989L, -2077013489L, 1417317891L,
330969605L, -503074710L, 132155946L, 484349226L, 1210461399L,
-1921078507L, -756427650L, 588244553L, -1762480122L, 706721802L,
-2019164829L, 559959039L, -1773578942L, -381187058L, -1498724318L,
-1272864824L, -1897860176L, -1884433962L, -1549589838L, -694372972L,
973735940L, -137102485L, -55950487L, -1614134139L, -1056978570L,
2145742589L, -2036448218L, -1024491358L, 2070931888L, 609542791L,
-1740872281L, -543286315L, 2020209881L, 1465919264L, 894729032L,
286526505L, 2106169374L, 1070598335L, 2069945784L, 1216307031L,
-434949278L, 321928920L, 771428640L, 1981170619L, -930865905L,
-712781878L, -1564420964L, 1324591664L, -929174867L, 1188235206L,
645377114L, -1180387578L, -1681521772L, -613014347L, 1216674428L,
862311430L, 152814095L, -1144031600L, 558876067L, 1794186034L,
1330767048L, -507224834L, 417299747L, 1846420946L, 1694364001L,
-1837324041L, -79720220L, 1598171396L, 1360802132L, -2055796740L,
-1941596926L, 388591170L, 1961843856L, 977572388L, -714414197L,
812509712L, 1384942987L, 1112484985L, -917014409L, 701191098L,
1487521175L, -653834416L, 1124333151L, 827330615L, 1041826224L,
-942219704L, 1728745257L, 1741104139L, -562756845L, -1697365391L,
352232002L, -1380875395L, -937673711L, -1756479839L, 426130713L,
-1637953881L, 1810092011L, -1645391493L, -1165410430L, 1213424407L,
56386053L, -1308914641L, -1571442791L, -1760581206L, -1648576911L,
-523594503L, -2092639652L, 1677078330L, 1998385202L, 689325836L,
-1333271276L, -621589224L, 506974104L, -1595329619L, -817671505L,
2110764075L, 1169757013L, 1589056447L, -1328371040L, -732073216L,
747467675L, 1392489308L, 1887847975L, -652491489L, -600906599L,
855219997L, -477724683L, -2119611297L, 1679803324L, -1416988462L,
340543603L, -1238154423L, 388991623L, 1859886418L, 1982198053L,
1954435898L, 1185975937L, -423051314L, -1667487774L, -403323558L,
-2024602755L, -1709760513L, 972760470L, 2131507386L, 755430133L,
